          6.3925          2.1238         -1.1611         -1.3308         -0.5633
          2.1238          1.9994          0.8581         -0.5380         -0.5270
         -1.1611          0.8581          2.5864         -0.2566          0.2202
         -1.3308         -0.5380         -0.2566          1.1430         -0.9849
         -0.5633         -0.5270          0.2202         -0.9849          1.8910
--- VARHAC run ---
Data file: dat_ma1.txt                                                                                                                                                                                                                                                     
NT:   1000
KDIM:      5
IMODEL:      2
IMAX:      4
IMEAN:      1
AAA matrix:
    6.392504E+00    2.123818E+00   -1.161112E+00   -1.330823E+00   -5.633250E-01
    2.123818E+00    1.999404E+00    8.581242E-01   -5.379623E-01   -5.269580E-01
   -1.161112E+00    8.581242E-01    2.586449E+00   -2.565923E-01    2.202058E-01
   -1.330823E+00   -5.379623E-01   -2.565923E-01    1.143021E+00   -9.849105E-01
   -5.633250E-01   -5.269580E-01    2.202058E-01   -9.849105E-01    1.890964E+00
