          6.4802          1.9094         -1.6697         -1.3500         -0.2279
          1.9094          2.2999          1.0935         -0.6791         -0.2850
         -1.6697          1.0935          3.0445         -0.3717          0.3927
         -1.3500         -0.6791         -0.3717          1.1887         -0.9728
         -0.2279         -0.2850          0.3927         -0.9728          1.5148
--- VARHAC run ---
Data file: dat_ma1.txt                                                                                                                                                                                                                                                     
NT:   1000
KDIM:      5
IMODEL:      1
IMAX:      4
IMEAN:      0
AAA matrix:
    6.480228E+00    1.909417E+00   -1.669665E+00   -1.350006E+00   -2.279487E-01
    1.909417E+00    2.299931E+00    1.093488E+00   -6.791297E-01   -2.849786E-01
   -1.669665E+00    1.093488E+00    3.044475E+00   -3.716972E-01    3.927036E-01
   -1.350006E+00   -6.791297E-01   -3.716972E-01    1.188701E+00   -9.728157E-01
   -2.279487E-01   -2.849786E-01    3.927036E-01   -9.728157E-01    1.514815E+00
